0.000000000000000000e+00
0.000000000000000000e+00
0.000000000000000000e+00
0.000000000000000000e+00
0.000000000000000000e+00
0.000000000000000000e+00
0.000000000000000000e+00
0.000000000000000000e+00
0.000000000000000000e+00
1.000000000000000000e+00
0.000000000000000000e+00
0.000000000000000000e+00
0.000000000000000000e+00
0.000000000000000000e+00
0.000000000000000000e+00
0.000000000000000000e+00
0.000000000000000000e+00
0.000000000000000000e+00
0.000000000000000000e+00
0.000000000000000000e+00
0.000000000000000000e+00
0.000000000000000000e+00
0.000000000000000000e+00
0.000000000000000000e+00
0.000000000000000000e+00
0.000000000000000000e+00
0.000000000000000000e+00
0.000000000000000000e+00
0.000000000000000000e+00
0.000000000000000000e+00
0.000000000000000000e+00
3.000000000000000000e+00
0.000000000000000000e+00
0.000000000000000000e+00
0.000000000000000000e+00
0.000000000000000000e+00
0.000000000000000000e+00
0.000000000000000000e+00
0.000000000000000000e+00
0.000000000000000000e+00
0.000000000000000000e+00
0.000000000000000000e+00
0.000000000000000000e+00
0.000000000000000000e+00
0.000000000000000000e+00
0.000000000000000000e+00
0.000000000000000000e+00
1.000000000000000000e+00
0.000000000000000000e+00
2.000000000000000000e+00
0.000000000000000000e+00
0.000000000000000000e+00
0.000000000000000000e+00
3.000000000000000000e+00
0.000000000000000000e+00
0.000000000000000000e+00
0.000000000000000000e+00
0.000000000000000000e+00
0.000000000000000000e+00
0.000000000000000000e+00
0.000000000000000000e+00
0.000000000000000000e+00
0.000000000000000000e+00
0.000000000000000000e+00
1.000000000000000000e+00
0.000000000000000000e+00
0.000000000000000000e+00
2.000000000000000000e+00
0.000000000000000000e+00
0.000000000000000000e+00
0.000000000000000000e+00
0.000000000000000000e+00
0.000000000000000000e+00
0.000000000000000000e+00
0.000000000000000000e+00
0.000000000000000000e+00
1.000000000000000000e+00
0.000000000000000000e+00
0.000000000000000000e+00
0.000000000000000000e+00
0.000000000000000000e+00
0.000000000000000000e+00
3.000000000000000000e+00
0.000000000000000000e+00
0.000000000000000000e+00
0.000000000000000000e+00
2.000000000000000000e+00
2.000000000000000000e+00
0.000000000000000000e+00
1.000000000000000000e+00
0.000000000000000000e+00
2.000000000000000000e+00
1.000000000000000000e+00
0.000000000000000000e+00
0.000000000000000000e+00
0.000000000000000000e+00
0.000000000000000000e+00
1.000000000000000000e+00
0.000000000000000000e+00
0.000000000000000000e+00
0.000000000000000000e+00
0.000000000000000000e+00
0.000000000000000000e+00
0.000000000000000000e+00
0.000000000000000000e+00
0.000000000000000000e+00
0.000000000000000000e+00
1.000000000000000000e+00
1.000000000000000000e+00
0.000000000000000000e+00
0.000000000000000000e+00
0.000000000000000000e+00
0.000000000000000000e+00
0.000000000000000000e+00
0.000000000000000000e+00
0.000000000000000000e+00
0.000000000000000000e+00
0.000000000000000000e+00
1.000000000000000000e+00
0.000000000000000000e+00
0.000000000000000000e+00
0.000000000000000000e+00
0.000000000000000000e+00
0.000000000000000000e+00
0.000000000000000000e+00
0.000000000000000000e+00
1.000000000000000000e+00
0.000000000000000000e+00
0.000000000000000000e+00
2.000000000000000000e+00
0.000000000000000000e+00
0.000000000000000000e+00
0.000000000000000000e+00
1.000000000000000000e+00
0.000000000000000000e+00
0.000000000000000000e+00
0.000000000000000000e+00
0.000000000000000000e+00
0.000000000000000000e+00
0.000000000000000000e+00
0.000000000000000000e+00
0.000000000000000000e+00
0.000000000000000000e+00
0.000000000000000000e+00
0.000000000000000000e+00
0.000000000000000000e+00
0.000000000000000000e+00
0.000000000000000000e+00
2.000000000000000000e+00
0.000000000000000000e+00
0.000000000000000000e+00
0.000000000000000000e+00
0.000000000000000000e+00
2.000000000000000000e+00
1.000000000000000000e+00
1.000000000000000000e+00
0.000000000000000000e+00
1.000000000000000000e+00
1.000000000000000000e+00
1.000000000000000000e+00
2.000000000000000000e+00
0.000000000000000000e+00
0.000000000000000000e+00
0.000000000000000000e+00
0.000000000000000000e+00
0.000000000000000000e+00
0.000000000000000000e+00
1.000000000000000000e+00
0.000000000000000000e+00
0.000000000000000000e+00
1.000000000000000000e+00
2.000000000000000000e+00
1.000000000000000000e+00
0.000000000000000000e+00
0.000000000000000000e+00
0.000000000000000000e+00
0.000000000000000000e+00
0.000000000000000000e+00
0.000000000000000000e+00
0.000000000000000000e+00
0.000000000000000000e+00
0.000000000000000000e+00
0.000000000000000000e+00
0.000000000000000000e+00
0.000000000000000000e+00
1.000000000000000000e+00
0.000000000000000000e+00
3.000000000000000000e+00
3.000000000000000000e+00
0.000000000000000000e+00
0.000000000000000000e+00
0.000000000000000000e+00
0.000000000000000000e+00
0.000000000000000000e+00
3.000000000000000000e+00
2.000000000000000000e+00
2.000000000000000000e+00
2.000000000000000000e+00
0.000000000000000000e+00
0.000000000000000000e+00
1.000000000000000000e+00
0.000000000000000000e+00
1.000000000000000000e+00
0.000000000000000000e+00
2.000000000000000000e+00
6.000000000000000000e+00
1.100000000000000000e+01
4.000000000000000000e+00
3.000000000000000000e+00
4.000000000000000000e+00
3.000000000000000000e+00
1.000000000000000000e+00
5.000000000000000000e+00
0.000000000000000000e+00
6.000000000000000000e+00
2.000000000000000000e+00
1.000000000000000000e+00
4.000000000000000000e+00
1.000000000000000000e+00
7.000000000000000000e+00
2.000000000000000000e+00
1.000000000000000000e+00
1.000000000000000000e+00
1.000000000000000000e+00
8.000000000000000000e+00
1.000000000000000000e+00
0.000000000000000000e+00
2.000000000000000000e+00
0.000000000000000000e+00
0.000000000000000000e+00
1.000000000000000000e+00
1.000000000000000000e+00
1.000000000000000000e+00
0.000000000000000000e+00
2.000000000000000000e+00
2.000000000000000000e+00
1.000000000000000000e+00
1.000000000000000000e+00
1.000000000000000000e+00
1.200000000000000000e+01
1.000000000000000000e+00
5.000000000000000000e+00
7.000000000000000000e+00
4.000000000000000000e+00
2.000000000000000000e+00
1.000000000000000000e+00
2.000000000000000000e+00
5.000000000000000000e+00
2.000000000000000000e+00
1.000000000000000000e+00
4.000000000000000000e+00
5.000000000000000000e+00
4.000000000000000000e+00
2.000000000000000000e+00
3.000000000000000000e+00
6.000000000000000000e+00
3.000000000000000000e+00
2.000000000000000000e+00
1.000000000000000000e+00
1.000000000000000000e+00
3.000000000000000000e+00
9.000000000000000000e+00
3.400000000000000000e+01
5.200000000000000000e+01
5.400000000000000000e+01
6.700000000000000000e+01
0.000000000000000000e+00
3.000000000000000000e+00
1.000000000000000000e+00
3.000000000000000000e+00
2.000000000000000000e+00
1.300000000000000000e+01
1.000000000000000000e+00
2.000000000000000000e+00
1.000000000000000000e+00
0.000000000000000000e+00
2.000000000000000000e+00
2.000000000000000000e+00
7.000000000000000000e+00
5.000000000000000000e+00
2.000000000000000000e+00
6.000000000000000000e+00
1.000000000000000000e+00
2.000000000000000000e+00
8.000000000000000000e+00
3.000000000000000000e+00
2.000000000000000000e+00
3.000000000000000000e+00
6.000000000000000000e+00
1.000000000000000000e+01
1.000000000000000000e+00
2.000000000000000000e+00
1.100000000000000000e+01
4.000000000000000000e+00
2.000000000000000000e+00
1.500000000000000000e+01
1.000000000000000000e+01
2.000000000000000000e+00
3.000000000000000000e+00
3.000000000000000000e+00
1.000000000000000000e+01
1.700000000000000000e+01
7.000000000000000000e+00
5.000000000000000000e+00
1.000000000000000000e+00
2.000000000000000000e+00
3.000000000000000000e+00
2.000000000000000000e+00
8.000000000000000000e+00
1.000000000000000000e+01
3.000000000000000000e+00
8.000000000000000000e+00
2.000000000000000000e+00
2.000000000000000000e+00
9.000000000000000000e+00
1.200000000000000000e+01
7.000000000000000000e+00
1.500000000000000000e+01
2.000000000000000000e+00
7.000000000000000000e+00
6.000000000000000000e+00
5.000000000000000000e+00
6.000000000000000000e+00
1.000000000000000000e+01
3.000000000000000000e+00
4.000000000000000000e+00
5.000000000000000000e+00
1.400000000000000000e+01
1.500000000000000000e+01
8.000000000000000000e+00
1.000000000000000000e+00
3.000000000000000000e+00
2.000000000000000000e+00
3.000000000000000000e+00
3.000000000000000000e+00
1.700000000000000000e+01
8.000000000000000000e+00
1.100000000000000000e+01
9.000000000000000000e+00
3.000000000000000000e+00
4.000000000000000000e+00
1.000000000000000000e+01
1.600000000000000000e+01
1.500000000000000000e+01
1.200000000000000000e+01
8.000000000000000000e+00
2.500000000000000000e+01
4.700000000000000000e+01
4.100000000000000000e+01
5.100000000000000000e+01
5.900000000000000000e+01
5.000000000000000000e+01
3.200000000000000000e+01
1.600000000000000000e+01
1.500000000000000000e+01
1.100000000000000000e+01
1.000000000000000000e+01
1.600000000000000000e+01
1.400000000000000000e+01
1.700000000000000000e+01
1.100000000000000000e+01
7.300000000000000000e+01
4.500000000000000000e+01
2.300000000000000000e+01
8.000000000000000000e+00
1.900000000000000000e+01
1.900000000000000000e+01
9.000000000000000000e+01
1.700000000000000000e+01
8.000000000000000000e+00
4.000000000000000000e+00
1.200000000000000000e+01
1.100000000000000000e+01
1.200000000000000000e+01
1.900000000000000000e+01
2.900000000000000000e+01
3.700000000000000000e+01
2.500000000000000000e+01
2.200000000000000000e+01
2.800000000000000000e+01
1.800000000000000000e+01
3.400000000000000000e+01
2.000000000000000000e+01
3.100000000000000000e+01
4.100000000000000000e+01
3.100000000000000000e+01
2.100000000000000000e+01
2.900000000000000000e+01
4.300000000000000000e+01
4.200000000000000000e+01
8.500000000000000000e+01
1.030000000000000000e+02
8.200000000000000000e+01
5.100000000000000000e+01
4.000000000000000000e+01
6.900000000000000000e+01
5.300000000000000000e+01
3.700000000000000000e+01
2.400000000000000000e+01
4.300000000000000000e+01
1.060000000000000000e+02
3.900000000000000000e+01
2.100000000000000000e+02
1.410000000000000000e+02
1.180000000000000000e+02
5.700000000000000000e+01
4.300000000000000000e+01
5.800000000000000000e+01
8.300000000000000000e+01
6.700000000000000000e+01
7.000000000000000000e+01
6.100000000000000000e+01
5.100000000000000000e+01
7.900000000000000000e+01
8.000000000000000000e+01
8.600000000000000000e+01
2.300000000000000000e+02
1.040000000000000000e+02
1.110000000000000000e+02
8.900000000000000000e+01
7.500000000000000000e+01
1.090000000000000000e+02
1.080000000000000000e+02
1.030000000000000000e+02
2.030000000000000000e+02
1.870000000000000000e+02
1.140000000000000000e+02
2.180000000000000000e+02
2.080000000000000000e+02
2.290000000000000000e+02
3.200000000000000000e+02
5.340000000000000000e+02
4.260000000000000000e+02
4.550000000000000000e+02
3.890000000000000000e+02
3.800000000000000000e+02
4.540000000000000000e+02
6.150000000000000000e+02
7.570000000000000000e+02
9.220000000000000000e+02
9.490000000000000000e+02
1.138000000000000000e+03
1.343000000000000000e+03
1.121000000000000000e+03
1.380000000000000000e+03
1.710000000000000000e+03
2.384000000000000000e+03
3.572000000000000000e+03
3.082000000000000000e+03
3.776000000000000000e+03
5.554000000000000000e+03
5.868000000000000000e+03
7.149000000000000000e+03
7.838000000000000000e+03
1.091700000000000000e+04
1.411100000000000000e+04
1.607900000000000000e+04
1.971600000000000000e+04
2.648600000000000000e+04
3.111000000000000000e+04
4.382500000000000000e+04
5.745100000000000000e+04
8.020800000000000000e+04
1.041340000000000000e+05
1.595510000000000000e+05
2.330590000000000000e+05
3.392580000000000000e+05
4.558310000000000000e+05
5.986030000000000000e+05
6.110970000000000000e+05
6.153880000000000000e+05
6.611680000000000000e+05
5.535460000000000000e+05
4.198530000000000000e+05
3.136560000000000000e+05
2.310940000000000000e+05
1.818700000000000000e+05
1.622290000000000000e+05
1.466430000000000000e+05
1.307590000000000000e+05
1.284050000000000000e+05
1.242050000000000000e+05
1.173850000000000000e+05
1.095360000000000000e+05
1.098290000000000000e+05
1.084130000000000000e+05
1.079090000000000000e+05
9.090200000000000000e+04
7.907100000000000000e+04
7.223200000000000000e+04
7.699600000000000000e+04
7.911000000000000000e+04
9.698200000000000000e+04
4.087930000000000000e+05
1.029810000000000000e+06
2.939170000000000000e+05
4.411100000000000000e+04
2.607000000000000000e+04
1.629700000000000000e+04
1.744801000000000000e+06
5.325780000000000000e+05
1.719400000000000000e+04
2.186800000000000000e+04
3.353700000000000000e+04
3.719300000000000000e+04
4.001100000000000000e+04
4.132000000000000000e+04
4.303700000000000000e+04
4.990800000000000000e+04
4.870800000000000000e+04
4.710500000000000000e+04
4.167300000000000000e+04
4.283500000000000000e+04
4.118800000000000000e+04
3.672100000000000000e+04
3.740300000000000000e+04
4.004700000000000000e+04
3.875600000000000000e+04
3.655500000000000000e+04
3.579900000000000000e+04
3.311000000000000000e+04
3.498200000000000000e+04
3.258600000000000000e+04
3.202300000000000000e+04
2.953600000000000000e+04
3.452300000000000000e+04
3.474100000000000000e+04
3.438400000000000000e+04
3.147200000000000000e+04
2.913100000000000000e+04
2.796900000000000000e+04
2.913200000000000000e+04
2.926000000000000000e+04
2.897900000000000000e+04
2.643800000000000000e+04
2.629500000000000000e+04
2.441600000000000000e+04
2.564700000000000000e+04
2.264200000000000000e+04
2.147800000000000000e+04
2.089900000000000000e+04
2.011200000000000000e+04
2.307400000000000000e+04
2.103200000000000000e+04
2.025900000000000000e+04
1.942600000000000000e+04
1.907300000000000000e+04
1.864900000000000000e+04
1.704800000000000000e+04
1.794400000000000000e+04
1.937100000000000000e+04
1.802800000000000000e+04
1.656600000000000000e+04
1.610100000000000000e+04
1.581600000000000000e+04
1.627800000000000000e+04
1.619100000000000000e+04
1.588800000000000000e+04
1.519800000000000000e+04
1.628900000000000000e+04
1.415000000000000000e+04
1.425500000000000000e+04
1.342700000000000000e+04
1.353100000000000000e+04
1.431700000000000000e+04
1.350000000000000000e+04
1.390700000000000000e+04
1.491200000000000000e+04
1.463000000000000000e+04
1.372500000000000000e+04
1.444800000000000000e+04
1.373300000000000000e+04
1.259800000000000000e+04
1.154800000000000000e+04
1.136600000000000000e+04
1.093900000000000000e+04
1.247600000000000000e+04
1.161900000000000000e+04
1.182200000000000000e+04
1.114600000000000000e+04
1.108300000000000000e+04
1.027600000000000000e+04
1.020500000000000000e+04
9.850000000000000000e+03
9.471000000000000000e+03
8.868000000000000000e+03
8.819000000000000000e+03
7.985000000000000000e+03
8.079000000000000000e+03
7.927000000000000000e+03
8.203000000000000000e+03
8.032000000000000000e+03
7.940000000000000000e+03
7.269000000000000000e+03
7.093000000000000000e+03
6.898000000000000000e+03
7.133000000000000000e+03
7.351000000000000000e+03
7.426000000000000000e+03
6.757000000000000000e+03
6.845000000000000000e+03
6.584000000000000000e+03
6.016000000000000000e+03
5.957000000000000000e+03
5.675000000000000000e+03
5.111000000000000000e+03
5.112000000000000000e+03
4.745000000000000000e+03
4.794000000000000000e+03
4.632000000000000000e+03
4.774000000000000000e+03
4.760000000000000000e+03
4.553000000000000000e+03
4.869000000000000000e+03
5.132000000000000000e+03
4.525000000000000000e+03
4.312000000000000000e+03
4.511000000000000000e+03
4.502000000000000000e+03
4.242000000000000000e+03
3.687000000000000000e+03
3.617000000000000000e+03
3.492000000000000000e+03
3.360000000000000000e+03
3.537000000000000000e+03
3.444000000000000000e+03
3.539000000000000000e+03
3.253000000000000000e+03
3.397000000000000000e+03
3.685000000000000000e+03
3.362000000000000000e+03
3.191000000000000000e+03
3.036000000000000000e+03
2.821000000000000000e+03
2.837000000000000000e+03
2.791000000000000000e+03
2.684000000000000000e+03
2.475000000000000000e+03
2.435000000000000000e+03
2.664000000000000000e+03
2.645000000000000000e+03
2.361000000000000000e+03
2.410000000000000000e+03
2.435000000000000000e+03
2.027000000000000000e+03
1.982000000000000000e+03
1.859000000000000000e+03
1.770000000000000000e+03
1.797000000000000000e+03
1.653000000000000000e+03
1.487000000000000000e+03
1.596000000000000000e+03
1.595000000000000000e+03
1.531000000000000000e+03
1.308000000000000000e+03
1.452000000000000000e+03
1.550000000000000000e+03
1.353000000000000000e+03
1.314000000000000000e+03
1.195000000000000000e+03
1.169000000000000000e+03
1.122000000000000000e+03
1.144000000000000000e+03
1.127000000000000000e+03
1.119000000000000000e+03
1.202000000000000000e+03
1.231000000000000000e+03
1.082000000000000000e+03
1.027000000000000000e+03
1.016000000000000000e+03
1.029000000000000000e+03
9.370000000000000000e+02
8.910000000000000000e+02
9.250000000000000000e+02
8.100000000000000000e+02
7.950000000000000000e+02
7.830000000000000000e+02
7.040000000000000000e+02
7.200000000000000000e+02
6.900000000000000000e+02
5.680000000000000000e+02
6.760000000000000000e+02
6.850000000000000000e+02
6.420000000000000000e+02
5.120000000000000000e+02
4.790000000000000000e+02
5.590000000000000000e+02
5.220000000000000000e+02
5.750000000000000000e+02
5.610000000000000000e+02
7.220000000000000000e+02
6.500000000000000000e+02
5.480000000000000000e+02
5.340000000000000000e+02
5.170000000000000000e+02
4.360000000000000000e+02
4.490000000000000000e+02
5.060000000000000000e+02
4.130000000000000000e+02
4.320000000000000000e+02
3.120000000000000000e+02
2.770000000000000000e+02
3.370000000000000000e+02
3.130000000000000000e+02
3.090000000000000000e+02
2.820000000000000000e+02
2.710000000000000000e+02
2.970000000000000000e+02
2.940000000000000000e+02
3.440000000000000000e+02
3.200000000000000000e+02
2.550000000000000000e+02
2.310000000000000000e+02
2.410000000000000000e+02
2.960000000000000000e+02
3.270000000000000000e+02
2.660000000000000000e+02
2.230000000000000000e+02
2.240000000000000000e+02
2.230000000000000000e+02
2.050000000000000000e+02
2.060000000000000000e+02
1.820000000000000000e+02
1.760000000000000000e+02
1.380000000000000000e+02
1.770000000000000000e+02
1.350000000000000000e+02
1.170000000000000000e+02
1.380000000000000000e+02
1.530000000000000000e+02
1.380000000000000000e+02
1.120000000000000000e+02
1.040000000000000000e+02
1.070000000000000000e+02
1.160000000000000000e+02
1.160000000000000000e+02
1.110000000000000000e+02
9.900000000000000000e+01
9.300000000000000000e+01
8.000000000000000000e+01
6.400000000000000000e+01
1.230000000000000000e+02
8.100000000000000000e+01
9.000000000000000000e+01
6.300000000000000000e+01
6.500000000000000000e+01
8.800000000000000000e+01
7.200000000000000000e+01
4.000000000000000000e+01
4.400000000000000000e+01
5.600000000000000000e+01
4.300000000000000000e+01
4.400000000000000000e+01
4.300000000000000000e+01
4.700000000000000000e+01
3.400000000000000000e+01
3.100000000000000000e+01
3.300000000000000000e+01
3.700000000000000000e+01
2.800000000000000000e+01
4.400000000000000000e+01
3.300000000000000000e+01
5.000000000000000000e+01
3.400000000000000000e+01
2.300000000000000000e+01
6.800000000000000000e+01
5.800000000000000000e+01
6.900000000000000000e+01
5.700000000000000000e+01
4.300000000000000000e+01
4.200000000000000000e+01
3.700000000000000000e+01
2.500000000000000000e+01
3.600000000000000000e+01
3.800000000000000000e+01
2.400000000000000000e+01
1.300000000000000000e+01
2.100000000000000000e+01
1.700000000000000000e+01
2.200000000000000000e+01
1.300000000000000000e+01
2.200000000000000000e+01
2.500000000000000000e+01
8.000000000000000000e+00
1.300000000000000000e+01
9.000000000000000000e+00
7.000000000000000000e+00
4.000000000000000000e+00
1.200000000000000000e+01
1.100000000000000000e+01
1.200000000000000000e+01
1.300000000000000000e+01
7.000000000000000000e+00
5.000000000000000000e+00
3.000000000000000000e+00
1.300000000000000000e+01
1.100000000000000000e+01
5.000000000000000000e+00
1.000000000000000000e+00
2.000000000000000000e+00
3.000000000000000000e+00
7.000000000000000000e+00
9.000000000000000000e+00
5.000000000000000000e+00
4.000000000000000000e+00
3.000000000000000000e+00
1.700000000000000000e+01
6.000000000000000000e+00
7.000000000000000000e+00
6.000000000000000000e+00
3.000000000000000000e+00
1.000000000000000000e+00
6.000000000000000000e+00
9.000000000000000000e+00
1.600000000000000000e+01
6.000000000000000000e+00
2.000000000000000000e+00
2.000000000000000000e+00
5.000000000000000000e+00
7.000000000000000000e+00
1.300000000000000000e+01
5.000000000000000000e+00
6.000000000000000000e+00
3.000000000000000000e+00
0.000000000000000000e+00
0.000000000000000000e+00
0.000000000000000000e+00
0.000000000000000000e+00
0.000000000000000000e+00
0.000000000000000000e+00
0.000000000000000000e+00
0.000000000000000000e+00
0.000000000000000000e+00
0.000000000000000000e+00
0.000000000000000000e+00
0.000000000000000000e+00
0.000000000000000000e+00
0.000000000000000000e+00
0.000000000000000000e+00
0.000000000000000000e+00
0.000000000000000000e+00
0.000000000000000000e+00
0.000000000000000000e+00
0.000000000000000000e+00
0.000000000000000000e+00
0.000000000000000000e+00
0.000000000000000000e+00
0.000000000000000000e+00
0.000000000000000000e+00
0.000000000000000000e+00
0.000000000000000000e+00
0.000000000000000000e+00
0.000000000000000000e+00
0.000000000000000000e+00
0.000000000000000000e+00
0.000000000000000000e+00
0.000000000000000000e+00
0.000000000000000000e+00
0.000000000000000000e+00
0.000000000000000000e+00
0.000000000000000000e+00
0.000000000000000000e+00
0.000000000000000000e+00
0.000000000000000000e+00
0.000000000000000000e+00
0.000000000000000000e+00
0.000000000000000000e+00
0.000000000000000000e+00
0.000000000000000000e+00
0.000000000000000000e+00
0.000000000000000000e+00
0.000000000000000000e+00
0.000000000000000000e+00
0.000000000000000000e+00
0.000000000000000000e+00
0.000000000000000000e+00
0.000000000000000000e+00
0.000000000000000000e+00
0.000000000000000000e+00
0.000000000000000000e+00
0.000000000000000000e+00
0.000000000000000000e+00
0.000000000000000000e+00
0.000000000000000000e+00
0.000000000000000000e+00
0.000000000000000000e+00
0.000000000000000000e+00
0.000000000000000000e+00
0.000000000000000000e+00
0.000000000000000000e+00
0.000000000000000000e+00
0.000000000000000000e+00
0.000000000000000000e+00
0.000000000000000000e+00
0.000000000000000000e+00
0.000000000000000000e+00
0.000000000000000000e+00
0.000000000000000000e+00
0.000000000000000000e+00
0.000000000000000000e+00
0.000000000000000000e+00
0.000000000000000000e+00
0.000000000000000000e+00
0.000000000000000000e+00
0.000000000000000000e+00
0.000000000000000000e+00
0.000000000000000000e+00
0.000000000000000000e+00
0.000000000000000000e+00
0.000000000000000000e+00
0.000000000000000000e+00
0.000000000000000000e+00
0.000000000000000000e+00
0.000000000000000000e+00
0.000000000000000000e+00
0.000000000000000000e+00
0.000000000000000000e+00
0.000000000000000000e+00
0.000000000000000000e+00
0.000000000000000000e+00
0.000000000000000000e+00
0.000000000000000000e+00
0.000000000000000000e+00
0.000000000000000000e+00
0.000000000000000000e+00
0.000000000000000000e+00
0.000000000000000000e+00
0.000000000000000000e+00
0.000000000000000000e+00
0.000000000000000000e+00
0.000000000000000000e+00
0.000000000000000000e+00
0.000000000000000000e+00
0.000000000000000000e+00
0.000000000000000000e+00
0.000000000000000000e+00
0.000000000000000000e+00
0.000000000000000000e+00
0.000000000000000000e+00
0.000000000000000000e+00
0.000000000000000000e+00
0.000000000000000000e+00
0.000000000000000000e+00
0.000000000000000000e+00
0.000000000000000000e+00
0.000000000000000000e+00
0.000000000000000000e+00
0.000000000000000000e+00
0.000000000000000000e+00
0.000000000000000000e+00
0.000000000000000000e+00
0.000000000000000000e+00
0.000000000000000000e+00
0.000000000000000000e+00
0.000000000000000000e+00
0.000000000000000000e+00
0.000000000000000000e+00
0.000000000000000000e+00
0.000000000000000000e+00
0.000000000000000000e+00
0.000000000000000000e+00
0.000000000000000000e+00
0.000000000000000000e+00
0.000000000000000000e+00
0.000000000000000000e+00
0.000000000000000000e+00
0.000000000000000000e+00
0.000000000000000000e+00
0.000000000000000000e+00
0.000000000000000000e+00
0.000000000000000000e+00
0.000000000000000000e+00
0.000000000000000000e+00
0.000000000000000000e+00
0.000000000000000000e+00
0.000000000000000000e+00
0.000000000000000000e+00
0.000000000000000000e+00
0.000000000000000000e+00
0.000000000000000000e+00
0.000000000000000000e+00
0.000000000000000000e+00
0.000000000000000000e+00
0.000000000000000000e+00
0.000000000000000000e+00
0.000000000000000000e+00
0.000000000000000000e+00
0.000000000000000000e+00
0.000000000000000000e+00
0.000000000000000000e+00
0.000000000000000000e+00
0.000000000000000000e+00
0.000000000000000000e+00
0.000000000000000000e+00
0.000000000000000000e+00
0.000000000000000000e+00
0.000000000000000000e+00
0.000000000000000000e+00
0.000000000000000000e+00
0.000000000000000000e+00
